[[63, 78, 67, 7, 33, 45, 93, 4, 67, 20, 59, 30, 73, 51, 6, 19, 13, 48, 34, 67, 70, 70, 3, 89,  48, 90, 29, 57, 2, 62,  76, 10,  93, 24,  82, 93,  79, 16,  97, 81,  33, 89,  5, 14,  40, 19,  60, 28,  86, 74],
 [42, 89, 12, 79,  5, 31, 42, 84, 10, 4, 61, 95, 43, 58, 48, 37, 6, 42, 87, 59, 72, 67, 39, 56, 14, 18, 38, 89, 84, 93, 17, 68, 31, 49, 61, 55, 38, 9, 90, 46, 57, 20, 58, 6, 37, 61,  50, 32,  80, 99], 
[6, 22, 65,88, 51, 31, 39, 95, 79, 87, 98, 10, 57, 20, 23, 34, 36, 78, 97, 79, 29, 86, 24, 36, 88, 36, 34, 44,  4, 72, 54, 89, 60, 98, 3, 22, 54, 8, 45, 66, 71, 38, 8, 49, 95, 42, 47, 99, 95, 37],
 [37, 52, 29, 39, 59, 39, 97, 28, 90, 1, 33, 94, 16, 52, 63, 74, 62, 20, 69, 36, 29, 11, 96, 48, 18, 47, 69, 34, 38, 96,  72, 98, 75, 45, 85, 38, 66, 12, 77, 28,64, 51, 91, 77, 52, 65, 87, 3, 4, 26],
 [12, 20,1, 65, 73, 69, 64, 79, 55,  8, 59, 23, 83, 67, 13, 7, 50, 4, 81, 80, 1, 85, 30, 41, 47,  7, 55, 74, 13, 27, 96, 75, 98, 65, 44, 79, 62, 71, 60,  5, 27, 88, 53, 39, 27, 8, 4, 95, 80, 91],
 [41, 87, 55, 32,  99, 82, 74, 24, 69, 60, 75, 69, 36, 40, 36, 56, 38, 23, 66, 87, 93, 33, 63, 69, 53, 55, 18, 98, 84, 15, 80, 11, 65, 37, 39, 88, 41, 44, 68, 41, 95, 13, 57, 83, 50, 13, 51, 31, 37, 25],
 [12,  35,  51,  38,  54,  28,  88,  37,  45,  77,  57,  61,  41,  93,  76,  79,  77,  84,  31,  37,  13,  94,  11,  32,  59,  36,  49,  74,  61,  40,  54,  47,  86,  42,  1,  96,  21,  73,  84,  40,  57,  94,  21,  98,  25,  28,  86,  42,  12,  9],
 [65,  65,  52,  22,  97,  81,  42,  10,  73,  19,  8,  10,  97,  63,  89,  54,  14,  10,  63,  60,  10,  62,  80,  16,  44,  40,  13,  20,  19,  99,  57,  27,  17,  44,  55,  19,  42,  41,  52,  94,  81,  61,  13,  77,  60,  58,  43,  97,  32,  70],
 [26,  29,  40,  56,  30,  70,  9,  59,  43,  96,  17,  34,  69,  64,  95,  77,  22,  26,
  79,  78,  44,  85,  31,  57, 27,  74,  36,  16,  94,  18,  84,  40,  76,  39,  25,  85,  52,  46,  81,  81,  81,  62,  86,  45,  62,  32,  14,  88,  49,  58],
 [38,  95, 73,  34,  64,  43,  31,  33,  95,  50,  65,  95,  92,  23,  58,  80,  53,  32,  56,  92,  12,  37,  45,  11,  51,  31,  44,  71,  65,  93,  28,  96,  79,  57,  70,  77,  90,  93,  2,  44,  53,  79,  93,  27,  29,  78,  46,  77,  40,  57],
 [80,  51,  43,  58,  36,  86,  47,  8,  87,  13,  66,  37,  51,  61,  90,  43,  68,  45,  46,  68,  85,  89,  65,  79,  83,  28,  59,  45,  24,  2,  15,  3,  34,  53,  73,  46,  14,  65,  54,  43,  97,  49,  14,  21,  33,  31,  75,  13,  29,  54],
 [54,  54,  95,  80,  38,  97,  52,  16,  13,  48,  90,  93,  17,  1,  10,  61,  24,  20,  95,  39,  14,  64,  78,  65,  95,  68,  30,  78,  20,  69,  43,  90,  12,  28,  89,  81,  31,  54,  23,  17,  61,  41,  49,  84,  31,  68,  40,  73,  79,  42], 
[16,  32,  64,  92,  61,  46,  76,  80,  33,  25,  9,  19,  18,  78,  14,  2,  17,  5,  90,  90,  68,  85,  42,  43,  28,  38,  46,  82,  11,  41,  64,  17,  20,  33,  59,  35,  83,  12,  76,  67,  56,  21,  15,  33,  2,  46,  33,  24,  88,  14], 
[51,  56,  87,  27,  35,  79,  51,  91,  48,  18,  20,  68,  47,  69,  57,  88,  75,  93,  84,  31,  48,  38,  55,  6,  85,  81,  65,  75,  54,  61,  65,  82,  40,  41,  23,  21,  14,  55,  64,  55,  90,  16,  1,  62,  19,  53,  97,  9,  52,  73],
 [21,  77,  23,  17,  82,  92,  28,  78,  99,  9,  63,  16,  20,  92,  33,  26,  17,  41,  86,  72,  80,  98,  12,  91,  94,  78,  18,  44,  72,  5,  2,  65,  67,  4,  6,  47,  41,  43,  21,  91,  71,  83,  11,  51,  87,  58,  53,  56,  71,  65],
 [9,  17,  88,  67,  18,  2,  72,  12,  46,  8,  63,  76,  66,  49,  46,  68,  27,  6,  55,  56,  28,  96,  60,  45,  27,  51,  22,  19,  93,  73,  65,  6,  78,  58,  81,  4,  46,  98,  17,  9,  43,  51,  59,  33,  34,  84,  67,  62,  36,  8],
 [80,  57,  31,  34,  55,  78,  90,  51,  48,  80,  71,  71,  37,  3,  28,  54,  36,  58,  24,  36,  10,  55,  81,  33,  73,  91,  63,  35,  3,  41,  90,  27,  47,  90,  31,  86,  88,  80,  95,  39,  28,  65,  73,  81,  38,  79,  55,  53,  68,  63],
 [33,  60,  33,  80,  96,  58,  7,  62,  11,  61,  73,  31,  34,  25,  1,  30,  17,  63,  13,  36,  88,  42,  53,  61,  93,  32,  53,  51,  91,  49,  34,  11,  93, 6,  35,  7,  14,  14,  33,  41,  99,  42,  59,  51,  44,  70,  74,  85,  44,  37],
 [77,  50,  70,  36,  30,  11,  58,  59,  93,  97,  3,  63,  57,  21,  79,  72,  63,  45,  41,  12,  41,  10,  31,  13,  28,  31,  55,  27,  96,  49,  16,  99,  34,  38,  85,  40,  89,  50, 55, 40,  52,  84,  74,  65,  87,  80,  61,  71,  51,  75], 
[25,  12,  30,  26,  85,  63,  5,  39, 89,  72,  34,  61,  29, 68,  26,  23,  87,  22,  75,  46,  73,  23,  94,  92,  85,  65,  14,  90,  6,  79,  26,  42,  93,  80,  2,  28,  62,  92,  48,  42,  64,  64,  9,  10,  56,  23,  40,  81,  74,  65],
 [77,  47,  79,  57,  61,  81,  23,  81,  53,  93,  28,  31,  18,  30,  95,  80,  58,  54,  27,  70,  19,  69,  15,  20,  13,  45,  97,  13,  81,  57,  12,  42,  72,  86,  83,  11,  19,  64,  27,  83,  12,  49,  38,  64,  94,  11,  22,  64,  50,  53],
 [35,  34,  32,  48,  91,  59,  54,  49,  2,  39,  60,  74,  61,  40,  51,  60,  74,  76,  72,  29,  39,  30,  88,  27,  68,  48,  77,  75,  92,  49,  43,  19,  59,  38,  58,  44,  72,  1,  64,  35,  68,  50,  9,  3,  56,  48,  75,  90,  85,  23],
 [38,  87,  80,  3,  6,  48,  34,  25,  6,  73,  46,  54,  57,  52,  22,  82,  48,  59,  73,  71,  52,  80,  15,  1,  71,  55,  48,  48,  42,  37,  77,  96,  95,  33,  81,  27,  27,  34,  71,  47,  1,  32,  2,  30,  53,  8,  64,  73,  22,  79],
 [47,  63,  96,  49,  58,  97,  41,  94,  31,  19,  28,  65,  40,  54,  98,  61,  35,  37,  16, 21,  79,  32,  55,  80,  91,  21,  18,  5,  76,  33,  48,  86,  80,  93,  87,  77,  14,  83,  92, 98,  13,  41,  94,  28,  27,  87,  88,  52,  62,  71],
 [62,  5,  1,  73,  75,  28,  29,  83,  50,  95,  82,  44,  25,  47,  79,  80,  1,  67,  49,  50, 30,  33,  97,  11,  53,  18,  96,  91,  3,  88,  84,  56,  39,  73,  99,  35,  62,  41,  30,  4, 71,  24,  60,  39,  63,  75,  65,  43,  35,  96], [5,  38,  86,  56, 59,  88,  68,  52,  6,  56, 12,  77,  19,  53,  72,  68,  63,  84,  96,  25,  49,  30,  50,  90,  25,  33,  73,  64,  12, 31, 73,  6,  61,  23,  46,  20,  43,  79,  39,  94,  49,  13,  47,  90,  2,  61,  69,  40,  37,  55],
 [82,  7,  63,  85,  33,  30,  97,  16,  58,  99,  53,  35,  41,  45,  25,  1,  67,  94,  41,  19,  43,  27,  95,  83,  21,  3,  48,  35,  5,  67,  79,  37,  44,  47,  8,  49,  1,  36,  42,  1,  53,  7,  88,  66,  38,  87,  26,  30,  30,  48],
 [63,  52,  51,  88,  80,  63,  33,  77,  89,  39,  46,  84,  53,  94,  89,  9,  4,  96,  65,  64,  35,  78,  2,  75,  75,  15,  8,  94,  64,  37,  11,  73,  10,  37,  57,  78,  77,  15,  41,  35,  57,  38,  72,  64,  57,  57,  36,  36,  93,  28],
 [19,  53,  85,  9,  39,  4,  36,  7,  86,  41, 36,  66,  6,  9,  32,  12,  66,  13,  75,  95,  60,  41,  71,  65,  78,  22,  18,  53,  20,  78,  52,  10,  64,  11,  19,  58,  79,  3,  42,  53,  69,  61,  19,  82,  63,  51,  42,  83,  53,  83],
 [73,  86,  72,  33,  87,  29,  58,  43,  87,  19,  9,  54,  17,  90,  56,  92,  36,  4,  44,  4,  25,  19,  58,  79,  69,  87,  16,  92,  20,  43,  49,  89,  17,  65,  97,  56,  56,  73,  29,  98,  21,  82,  63,  43,  27,  11,  12,  53,  65,  41],
 [75,  58,  44,  91,  52,  75,  72,  58,  62,  43,  85,  49,  94,  72,  92,  73,  62,  60,  99,  6,  4,  54,  4,  33,  93,  68,  16,  69,  67,  20,  51,  82,  50,  24,  50,  96,  43,  43,  40,  17,  73,  91,  72,  53,  18,  80,  8,  10,  99,  77],
 [77,  83,  28,  92,  33,  68,  30,  83,  1,  95,  29,  85,  74,  56,  77,  6,  92,  62,  72,  79,  62,  19,  93,  1,  38,  99,  30,  40,  28,  27,  23,  59,  66,  4,  25,  92,  84,  15,  57,  35,  11,  86,  65,  33,  26,  36,  8,  58,  99,  15],
 [41,  7,  56,  92,  64,  26,  34,  15,  51,  99,  62,  76,  28,  94,  77,  58,  84,  50,  38,  73,  9,  32,  4,  63,  33,  86,  37,  43,  46,  58,  40,  70,  76,  84,  25,  95,  93,  79,  32,  19,  83,  29,  16,  97,  12,  86,  80,  87,  40,  44],
 [31,  83,  8,  56,  41,  46,  97,  18,  97,  37,  49,  62,  21,  4,  37,  42,  74,  42,  52,  34,  27,  45,  90,  17,  78,  90,  42,  10,  82,  18,  95,  15,  52,  62,  17,  79,  57,  52,  20,  7,  46,  49,  2,  77,  97,  82,  65,  3,  22,  79],
 [13,  10,  90,  83,  47,  49,  77,  81, 92,  89, 42,  20,  14,  83,  4,  98,  46,  45,  5,  27,  37,  24,  13,  52,  31,  27,  5,  34,  87,  10,  80,  14,  29,  57,  94,  7,  18,  17,  20,  93,  8,  92,  48,  10,  53,  45,  9,  37,  49,  86],
 [49,  41,  21,  83,  84,  89,  47,  67,  24,  97,  18,  59,  93,  15,  68,  61,  43,  98,  58,  73,  57,  23,  50,  90,  76,  11,  59,  1,  19,  28,  58,  8,  31,  85,  85,  83,  40,  51,  47,  2,  31,  30,  42,  37,  85,  30,  82,  96,  25,  66],
 [53,  59,  26,  51,  64,  69,  64,  99,  47,  87,  57,  19,  62,  23,  99,  15,  90,  98,  30,  50,  21,  5,  35,  22,  84,  12,  59,  42,  20,  33,  26,  47,  31,  81,  78,  68,  83,  83,  41,  60,  4,  40,  7,  38,  42,  5,  28,  1,  70,  2],
 [2,  67,  59,  63,  73,  73,  83,  48,  25,  79,  15,  17,  53,  49,  69,  56,  16,  52,  99,  60,  6,  92,  97,  70,  37,  77,  59,  41,  2,  24,  69,  72,  93,  68,  75,  6,  72,  10,  87,  48,  30,  27,  98,  79,  32,  80,  5,  51,  65,  33],
 [43,  70,  75,  15,  73,  10,  22,  16,  91,  48,  89,  32,  47,  90,  11,  55,  53,  4,  54,  33,  17,  68,  18,  26,  57,  91,  15,  65,  94,  1,  12,  32,  75,  42,  2,  58,  59,  20,  4,  56,  16,  2,  74,  28,  55,  77,  20,  52,  20,  64],
 [18,  75,  80,  12,  56,  31,  19,  41,  32,  76,  24,  58,  18,  31,  68,  4,  64,  79,  18,  56,  19,  17,  35,  64,  82,  22,  97,  70,  24,  12,  93,  13,  27,  86,  10,  78,  16,  98,  53,  22,  15,  80,  38,  32,  21,  71,  63,  5,  46,  74],
 [96,  57,  49,  63,  76,  24,  18,  8,  61,  1,  19,  12,  53,  87,  24,  53,  2,  77,  22,  2,  5,  38,  60,  2,  19,  87,  70,  36,  35,  49,  25,  84,  77,  46,  12,  29,  4,  57, 90,  89,  14,  93,  31,  30,  51,  86,  87,  17,  49,  76],
 [72,  93,  83,  55,  40,  71,  70,  49,  99,  41,  21,  6,  60,  52,  31,  74,  52,  85,  65,  69,  53,  62,  90,  26,  2,  55,  56,  10,  7,  56,  38,  67,  91,
  6,  71,  60,  39,  49,  24,  10,  51,  58,  9,  15,  63,  31,  17,  38,  82,  42],
 [92,  94,  13,  61,  61,  69,  84,  67,  58,  38,  69,  54,  35,  89,  98,  55,  37,  42,  3,  48,  31,  48,  4,  23,  97,  21,  57,  81,  12,  18,  54,  3,  77,  54,  17,  14,  38,  16,  85,  28,  45,  42,  52,  15,  57,  18,  47,  64,  30,  89],
 [48,  86,  29,  14,  41,  10,  87,  82,  26,  4,  29,  60,  98,  46,  11,  24,  92,  77,  37,
  3,  23,  12,  82,  73,  7,  82,  90,  91,  3,  69,  12,  34,  1,  54,  25,  89,  44,  61,  30,  44,  21,  55,  94,  32,  96,  20,  16,  83,  49,  56],
 [35,  98,  69,  77,  66,  66,  2,  5,  22,  4,  33,  23,  98,  16,  85,  97,  89,  82,  22,  20,  92,  13,  80,  11,  8,  40,  84,  69,  35,  4,  59,  84,  57,  11,  55,  98,  16,  54,  77,  36,  80,  72,  4,  3,  60,  49,  59,  84,  17,  9], 
[28,  26, 51,  86,  98,  27,  46,  36,  65,  11,  43,  7,  86,  8,  16,  97,  21,  22,  14,  2,  61,  68,  26,  78,  35,  49,  41,  33,  59,  33,  96,  48,  4,  83,  47,  71,  49,  24,  87,
  33,  69,  66,  41,  28,  54,  93,  49,  27,  56,  31], 
[91,  76,  80,  53,  70,  14,  52,  28,  74,  52,  57,  38,  56,  70,  65,  48,  75,  26,  6, 87, 75,  5,  53,  8,  26,  26,  55,  34,  97,  70, 15,  42,  97,  49,  1,  24,  87,  42,  34,  17, 34,  21,  22,  3,  4,  58,  68,  91,  25,  55], [82,  23,  26,  52,  87,  69,  2,  82,  10,  30, 13,  60,  73,  96,  62,  89,  31,  66,  36,  76,  49,  59,  85,  89,  61,  58,  91,  33,  73,  77,  13,  16,  12,  66,  97,  21,  66,  38,  40,  92,  18,  83,  58,  84,  34,  30,  17,  55,  23,  36],
 [44,  87,  9,  67,  98,  10,  56,  74,  67,  77,  44,  73,  68,  84,  35,  81,  37,  74,  41,  54,  32,  77,  69,  89,  99,  88,  44,  99,  31,  3,  78,  24,  44,  94,  82,  44,  28,  75,  83,  60,  66,  66,  31,  91,  55,  21,  68,  68,  59,  65], [47, 47,  97,  68,  70,  93,  38,  1,  18,  39,  36,  81,  65,  68,  39,  78,  41,  11,  14,  65,  37,  40,  62,  44, 41, 64, 50, 5, 54, 16, 52, 12, 47,  79, 26, 51, 57, 47, 68, 87, 11, 69, 22, 31, 81, 68, 45, 44, 31, 2]]
