[[91,  26,  48,  41,  61,  19,  36,  95,  93,  91,  29,  26,  99,  92,  4,  80,  17,  74,  48,  38,  47,  17,  70,  0,  37,  86,  88,  45,  56,  13,  33,  44,  28,  62,  32], 
[25,  44,  97,  54,  38,  51,  98,  75,  45,  16,  79,  3,  33,  89,  81,  74,  11,  73,  89,  10,  6,  36,  61,  54,  57,  72,  41,  5,  71,  45,  91,  58,  42,  79,  33],
 [92,  7,  1,  74,  19,  11,  71,  54,  29,  54,  28,  90,  81,  27,  70,  39,  55,  12,  56,  83,  62,  34,  55,  14,  60,  72,  99,  85,  83,  36,  62,  42,  9,  7,  47], 
[27,  96,  93,  15,  82,  85,  28,  89,  62,  11,  93,  28,  50,  42,  66,  0,  80,  13,  49,  17,  38,  16,  12,  37,  10,  76,  23,  45,  56,  68,  36,  52,  79,  84,  53], 
[30,  96,  90,  91,  33,  51,  3,  4,  13,  61,  17,  44,  75,  61,  61,  24,  61,  2,  26,  19,  14,  32,  15,  7,  20,  81,  87,  45,  50,  13,  72,  14,  95,  94,  39], 
[33,  41,  45,  11,  67,  88,  82, 76, 4,  36,  31,  59,  12, 75,  26,  98,  69,  73,  74,  88,  83,  56,  37,  60,  21,  62,  4,  23,  54,  32,  25,  47,  96,  97,  81], 
[1,  4,  50,  27,  99,  91,  17,  55,  54,  88,  59,  43,  2,  89,  40,  17,  0,  44,  47,  54,  92,  21,  52,  91,  75,  90,  36,  84,  68,  22,  87,  63,  41,  70,  68], 
[52,  48,  64,  78,  75,  42,  54,  53,  9,  87,  74,  38,  50,  56,  76,  99,  52,  13,  87,  17,  42,  12,  23,  18,  4,  72,  22,  10,  95,  8,  92,  43,  20,  47,  34], 
[69,  6,  12,  46,  4,  83,  67,  37,  56,  89,  14,  35,  60,  34,  7,  56,  32,  60,  4,  58,  60,  23,  46,  16,  6,  54,  68,  34,  62,  25,  90,  74,  42,  82,  22], 
[56,  70,  68,  14,  62,  69,  71,  46,  26,  60,  55,  94,  16,  93,  63,  0,  34, 47,  25,  41,  29,  75,  22,  89,  68,  26,  4,  31,  84,  69,  71,  16,  14,  14,  34], 
[64,  76,  5,  83,  17,  12,  25,  69,  72,  22,  9,  36,  57,  0,  63,  37,  53,  44,  51,  79,  62,  69,  26,  87,  62,  40,  50,  22,  77,  18,  21,  28,  36,  74,  1], 
[0,  4,  1,  50,  67,  21,  11,  10,  67,  60,  76,  83,  0,  8,  13,  77,  21,  59,  19,  7,  12,  55,  97,  20,  6,  25,  60,  45,  46,  98,  89,  30,  48,  76,  63],
 [8,  57,  30,  45,  61,  6,  53,  58,  16,  37,  16,  19,  78,  90,  26,  60,  2,  92,  59,  13,  69,  2,  8,  22,  63,  49,  81,  84,  77,  72,  13,  75,  87,  71,  48],
 [85,  97,  36,  34,  58,  20,  45,  29,  92,  79,  71,  5,  1,  41,  14,  85,  29,  82,  41,  36,  93,  87,  19,  52,  68,  8,  61,  58,  94,  17,  41,  68,  22,  30,  3],
 [99,  67,  44,  13,  78,  56,  64,  42,  4,  31,  25,  29,  17,  27,  78,  42,  31,  82,  24,  95,  29,  91,  37,  78,  18,  89,  91,  20,  53,  87,  33,  67,  91,  48,  95],
 [4,  17,  86,  11,  11,  89,  85,  61,  96,  89,  96,  42,  97,  22, 53,  13,  72,  77,  27,  70,  18,  68,  52,  61,  27,  44,  66,  54,  92,  12,  78,  64, 86,  28,  12], 
[40,  65,  21,  25, 71,  9,  3,  72,  90,  25,  72,  90,  18,  67,  75,  54, 28,  71,  22,  9,  2,  70,  17,  0,  30,  90,  59,  88,  74,  97,  71,  59,  66,  57,  54], 
[38,  13,  6,  89,  17,  21,  90,  18,  21,  32,  93,  3,  2,  44,  37, 57,  91,  12,  63,  75,  80,  76,  39,  84,  66,  98,  62,  30,  85,  96,  96,  74,  48,  9,  49],
 [68,  96,  14,  35,  11,  39,  45, 0,  57,  83, 63,  54, 30,  68,  59,  34,  64,  61,  25,  43,  83,  46,  73,  39,  21,  81,  84,  50,  98,  19,  16,  6,  79,  38,  28],
 [66,  93,  14,  48,  77,  88,  51,  54,  13,  28,  10,  62,  87,  80,  82,  36,  10,  93,  14,  68,  48,  1,  73,  28,  31,  48,  8,  18,  43,  4, 30,  24,  76,  23,  13],
[32,  74,  59,  1,  72,  41,  19,  86,  85,  79,  21,  38,  96,  98,  50,  88,  2,  38,  93,  69,  90,  57,  76,  53,  9,  95,  20,  92,  59,  33,  18,  80,  17,  40,  63],
[83,  27,  96,  67,  27,  85,  54,  72,  14,  60,  10,  53, 1,  82,  41,  42,  33,  67,  91,  87,  13,  98,  86,  9,  27,  87,  9,  23,  51,  39,  45,  17,  69,  25,  49],
 [41,  32,  66,  70,  50,  94,  19,  26,  17,  45,  98,  46,  59,  43,  70,  75,  48,  91,  55,  2,  68,  71,  96,  89,  0,  91,  65,  38,  23,  3,  56,  63,  61,  60,  86],
 [0,  69,  12,  37,  15,  19,  75,  24,  93,  87,  57,  27,  45,  14, 55,  40,  12,  84,  47,  12,  38,  82,  93,  75,  80,  19,  79,  1,  55,  84,  92,  57,  92,  48,  62],
 [52,  87,  92,  61,  7,  86,  89,  75,  0,  70,  45,  33,  40,  97,  66,  25,  22,  44,  8,  7,  36,  48,  56,  70,  43,  19,  68,  38,  2,  18,  20,  86,  6,  77,  25],
 [12,  4,  35,  38,  86,  2,  50,  73,  18,  34,  16,  40,  63,  53,  21,  22,  28,  93,  20,  90,  4,  32,  33,  71,  53,  25,  13,  47,  28,  92,  3,  84,  30,  71,  76],
 [86,  28,  90,  9,  64,  22,  67,  14,  83,  19,  40,  32,  34,  97,  33,  57,  51,  76,  87,  60,  34,  97,  15,  80,  76,  72, 89,  99,  50,  46,  79, 40,  1,  37,  52],
 [16,  65,  49,  41,  73,  61,  39,  96,  59,  29,  38,  1,  32,  61,  32,  47,  2,  93,  57,  74,  90,  40,  78,  89,  47,  79,  40,  17,  27,  63,  91,  62,  82, 90,  72],
 [99,  85,  44,  8,  19,  52,  33,  93,  77,  10,  84,  33,  15,  62,  48,  30,  33,  3,  67,  89,  26,  6,  53,  39,  40,  16,  28,  66,  5,  67,  97,  62,  65,  76,  7],
 [91,  61,  89,  29,  18,  47,  59,  19,  91,  37,  11,  82,  99,  24,  54,  14,  97,  74,  42,  41,  17,  63,  65,  34,  80,  1,  12,  50,  27,  58,  58,  25,  73,  98,  68],
 [67,  95,  95,  71,  95,  2,  81,  81,  66,  67,  0,  47,  79,  23,  3,  73,  78,  66,  35,  56,  82,  76,  11,  74,  96,  37,  75,  66,  93,  96,  81,  71,  43,  7,  25], 
[48,  72,  82,  22,  91,  16,  51,  60,  73,  13, 79,  19,  33,  69,  39,  58, 2,  43,  94,  68,  43, 83,  66,  77,  88,  8,  21,  68,  85,  46,  0,  91,  95, 91,  62], 
[8,  41,  32,  2,  4,  21, 44,  0,  23,  64,  88,  81,  27,  82,  91,  57,  17,  69,  65,  75,  38,  96,  23,  36,  2,  21,  42,  49,  6,  90,  10,  87,  13,  96,  28],
 [80,  42,  47,  76,  8,  37,  35,  81,  0,  20,  84,  16,  73,  45,  24,  48,  41,  55,  34,  0,  77,  31,  30,  90,  50,  23,  39,  47,  73,  31,  70,  88,  40,  43,  58],
 [39,  46,  13,  7,  55,  72,  87,  81,  27,  77, 49,  90,  74,  27,  23,  3,  5,  54,  80,  78,  15,  81,  49,  39,  47,  47, 20,  10,  35,  9,  68,  12,  99,  47,  31]]
